
mu = 398.6004118e12;      % [m3/s2]